94 90 98 9 100 43 84 57 67 96 52 14 80 54 4 92 76 48 51 69 38
97 90 98 16 91 52 70 60 77 26 54 66 23 14 18 65 98 74 31 45 77
96 76 30 99 67 5 46 70 25 35 18 66 85 33 8 88 2 68 64 27 73
81 50 86 98 14 35 23 97 32 99 92 7 29 91 26 85 88 47 62 75 64
27 11 48 35 98 49 54 13 27 26 45 76 63 95 42 98 17 90 81 68 81
87 96 23 64 32 63 62 93 89 77 20 99 24 6 48 72 59 60 51 84 56
78 46 50 19 95 67 8 75 86 41 14 81 15 29 64 77 91 57 65 67 28
15 43 33 62 14 91 73 64 74 29 42 71 78 12 66 96 72 40 81 64 5
13 78 34 77 55 76 85 71 94 12 86 36 44 47 50 86 20 65 11 48 58
81 77 22 98 73 45 90 5 8 94 18 85 79 46 91 54 30 62 48 93 47
83 88 93 84 73 64 1 83 63 10 15 40 83 65 64 27 54 68 34 99 85
71 78 30 61 83 11 22 30 3 20 65 90 65 100 62 28 100 96 91 62 63
82 44 27 45 71 32 12 56 30 49 26 59 30 87 42 41 60 23 43 80 39
85 44 39 46 23 90 94 65 51 56 46 95 82 42 65 13 54 20 94 54 46
53 83 84 46 75 95 20 70 26 59 54 69 97 51 44 38 44 8 89 99 54
83 32 95 47 96 100 18 90 5 15 94 88 50 91 14 45 10 83 70 20 36
91 68 87 34 6 30 41 94 81 46 76 64 93 74 60 44 43 1 49 58 94
88 7 84 1 3 45 36 73 65 71 15 32 9 48 37 91 40 82 71 38 57
86 30 82 45 25 25 45 73 34 90 12 92 25 65 47 70 100 19 34 70 85
17 79 32 54 21 23 35 91 60 44 76 41 77 73 66 1 69 90 86 59 2
