55 89 72 92 81 38 73 99 66 99 54 43 30 47 54 9 28 94 64 3 13
19 88 20 86 58 15 64 9 34 98 15 75 22 7 55 11 31 53 76 81 58
18 11 56 72 71 84 65 87 38 29 5 25 49 42 82 63 57 90 48 55 4
22 76 62 76 86 45 81 62 25 90 31 87 46 54 58 29 71 44 18 99 100
42 47 42 23 61 98 64 9 4 19 30 79 81 58 17 77 90 30 1 79 60
88 76 14 97 56 84 92 73 34 91 14 33 84 88 93 34 3 53 37 22 83
68 54 92 84 30 33 13 30 63 24 69 39 89 17 46 24 8 19 58 51 84
90 86 24 82 19 26 35 8 47 69 75 100 12 10 81 44 74 11 6 97 31
96 38 48 42 61 55 12 18 57 47 7 43 22 41 13 48 75 20 46 95 46
98 58 7 78 1 80 40 58 29 71 54 66 70 47 26 76 10 96 33 8 2
27 30 94 39 29 20 11 74 14 8 23 71 15 53 23 94 92 33 74 14 86
91 83 84 69 59 93 64 43 52 17 69 81 11 59 9 30 69 35 96 77 57
66 43 9 41 36 53 73 62 66 10 52 1 45 20 11 89 83 53 40 52 73
21 62 83 29 91 52 15 86 80 24 4 22 32 96 9 36 68 22 2 29 74
54 73 45 64 61 28 68 100 79 40 72 92 74 53 82 25 67 20 56 90 75
29 74 70 90 9 89 11 62 17 84 15 41 29 78 53 8 45 4 38 36 76
29 10 28 62 86 46 33 42 36 7 22 61 76 11 69 16 22 31 84 57 45
24 85 75 28 44 19 32 33 7 59 13 16 38 75 1 83 59 94 70 66 68
82 93 78 51 9 99 33 92 8 77 68 92 3 47 88 22 30 20 28 88 33
95 77 59 47 60 17 93 81 82 60 63 27 37 65 87 88 97 30 95 25 97
